time_ms	center_khz	snr_db
250	910550	19.0
500	906350	20.0
750	910750	21.0
1000	906550	22.0
1250	910950	18.0
1500	907150	19.0
1580	915078	4.2
1830	912350	20.0
2080	909750	21.0
2330	904750	22.0
2580	907550	18.0
2830	913150	19.0
2910	903550	11.9
3160	911350	20.0
3410	907950	21.0
3660	913950	22.0
3910	912950	18.0
4160	911150	19.0
4410	907350	20.0
4490	915221	4.2
4740	912550	21.0
4990	910350	22.0
5240	905750	18.0
5490	909350	19.0
5740	903950	20.0
5990	905950	21.0
6240	909950	22.0
6490	904950	18.0
6740	907750	19.0
6990	913350	20.0
7240	911950	21.0
